pH = a*exp(-b*t)+c

a = 1.06762391
b = 0.00889087
c = 7.82227222